46
255 255 255 000 000 000 000 000 000 000 000 000 000 000 000 000 000 000 000 000 000 000 000 000 000 000 000 000 000 000 
000 000 000 000 000 000 000 000 000 000 000 000 000 000 000 000 000 000 000 000 000 000 000 000 000 000 000 000 000 000 
000 000 000 000 000 000 000 000 000 000 000 000 000 000 000 000 000 000 000 000 000 000 000 000 000 000 000 000 000 000 
000 000 000 000 000 000 000 000 000 000 000 000 000 000 000 000 000 000 000 000 000 000 000 000 000 000 000 000 000 000 

000 000 000 255 255 255 255 255 255 255 255 255 255 255 255 255 255 255 255 255 255 255 255 255 255 255 255 255 255 255 
255 255 255 255 255 255 255 255 255 255 255 255 255 255 255 255 255 255 255 255 255 255 255 255 255 255 255 255 255 255 
255 255 255 255 255 255 255 255 255 255 255 255 255 255 255 255 255 255 255 255 255 255 255 255 255 255 255 255 255 255 
255 255 255 255 255 255 255 255 255 255 255 255 255 255 255 255 255 255 255 255 255 255 255 255 255 255 255 255 255 255 

000 000 000 255 255 255 000 000 000 255 255 255 000 000 000 255 255 255 000 000 000 255 255 255 000 000 000 255 255 255 
000 000 000 255 255 255 000 000 000 255 255 255 000 000 000 255 255 255 000 000 000 255 255 255 000 000 000 255 255 255 
000 000 000 255 255 255 000 000 000 255 255 255 000 000 000 255 255 255 000 000 000 255 255 255 000 000 000 255 255 255 
000 000 000 255 255 255 000 000 000 255 255 255 000 000 000 255 255 255 000 000 000 255 255 255 000 000 000 255 255 255 

255 255 255 000 000 000 255 255 255 000 000 000 255 255 255 000 000 000 255 255 255 000 000 000 255 255 255 000 000 000 
255 255 255 000 000 000 255 255 255 000 000 000 255 255 255 000 000 000 255 255 255 000 000 000 255 255 255 000 000 000 
255 255 255 000 000 000 255 255 255 000 000 000 255 255 255 000 000 000 255 255 255 000 000 000 255 255 255 000 000 000 
255 255 255 000 000 000 255 255 255 000 000 000 255 255 255 000 000 000 255 255 255 000 000 000 255 255 255 000 000 000 

255 255 255 248 248 248 241 241 241 235 235 235 228 228 228 222 222 222 215 215 215 209 209 209 202 202 202 196 196 196 
189 189 189 183 183 183 176 176 176 170 170 170 163 163 163 156 156 156 150 150 150 143 143 143 137 137 137 130 130 130 
124 124 124 117 117 117 111 111 111 104 104 104 098 098 098 091 091 091 085 085 085 078 078 078 071 071 071 065 065 065 
058 058 058 052 052 052 045 045 045 039 039 039 032 032 032 026 026 026 019 019 019 013 013 013 006 006 006 000 000 000 

255 255 255 248 251 255 241 247 255 235 243 255 228 239 255 222 235 255 215 231 255 209 227 255 202 223 255 196 219 255 
189 215 255 183 211 255 176 207 255 170 204 255 163 200 255 156 196 255 150 192 255 143 188 255 137 184 255 130 180 255 
124 176 255 117 172 255 111 168 255 104 164 255 098 160 255 091 156 255 085 153 255 078 149 255 071 145 255 065 141 255 
058 137 255 052 133 255 045 129 255 039 125 255 032 121 255 026 117 255 019 113 255 013 109 255 006 105 255 000 102 255 

255 255 255 255 248 248 255 241 241 255 235 235 255 228 228 255 222 222 255 215 215 255 209 209 255 202 202 255 196 196 
255 189 189 255 183 183 255 176 176 255 170 170 255 163 163 255 156 156 255 150 150 255 143 143 255 137 137 255 130 130 
255 124 124 255 117 117 255 111 111 255 104 104 255 098 098 255 091 091 255 085 085 255 078 078 255 071 071 255 065 065 
255 058 058 255 052 052 255 045 045 255 039 039 255 032 032 255 026 026 255 019 019 255 013 013 255 006 006 255 000 000 

255 255 255 248 254 248 241 253 241 235 253 235 228 252 228 222 251 222 215 251 215 209 250 209 202 249 202 196 249 196 
189 248 189 183 247 183 176 247 176 170 246 170 163 246 163 156 245 156 150 244 150 143 244 143 137 243 137 130 242 130 
124 242 124 117 241 117 111 240 111 104 240 104 098 239 098 091 238 091 085 238 085 078 237 078 071 237 071 065 236 065 
058 235 058 052 235 052 045 234 045 039 233 039 032 233 032 026 232 026 019 231 019 013 231 013 006 230 006 000 230 000 

255 255 255 255 252 248 255 249 241 255 247 235 255 244 228 255 241 222 255 239 215 255 236 209 255 234 202 255 231 196 
255 228 189 255 226 183 255 223 176 255 221 170 255 218 163 255 215 156 255 213 150 255 210 143 255 207 137 255 205 130 
255 202 124 255 200 117 255 197 111 255 194 104 255 192 098 255 189 091 255 187 085 255 184 078 255 181 071 255 179 065 
255 176 058 255 173 052 255 171 045 255 168 039 255 166 032 255 163 026 255 160 019 255 158 013 255 155 006 255 153 000 

255 255 255 253 248 253 251 241 251 249 235 249 247 228 247 245 222 245 243 215 243 241 209 241 239 202 239 237 196 237 
235 189 235 233 183 233 231 176 231 229 170 229 227 163 227 225 156 225 223 150 223 221 143 221 219 137 219 217 130 217 
216 124 216 214 117 214 212 111 212 210 104 210 208 098 208 206 091 206 204 085 204 202 078 202 200 071 200 198 065 198 
196 058 196 194 052 194 192 045 192 190 039 190 188 032 188 186 026 186 184 019 184 182 013 182 180 006 180 179 000 179 

255 255 255 255 255 248 255 255 241 255 255 235 255 255 228 255 255 222 255 255 215 255 255 209 255 255 202 255 255 196 
255 255 189 255 255 183 255 255 176 255 255 170 255 255 163 255 255 156 255 255 150 255 255 143 255 255 137 255 255 130 
255 255 124 255 255 117 255 255 111 255 255 104 255 255 098 255 255 091 255 255 085 255 255 078 255 255 071 255 255 065 
255 255 058 255 255 052 255 255 045 255 255 039 255 255 032 255 255 026 255 255 019 255 255 013 255 255 006 255 255 000 

255 255 255 000 099 248 000 096 241 000 094 235 000 091 228 000 088 222 000 086 215 000 083 209 000 081 202 000 078 196 
000 075 189 000 073 183 000 070 176 000 068 170 000 065 163 000 062 156 000 060 150 000 057 143 000 054 137 000 052 130 
000 049 124 000 047 117 000 044 111 000 041 104 000 039 098 000 036 091 000 034 085 000 031 078 000 028 071 000 026 065 
000 023 058 000 020 052 000 018 045 000 015 039 000 013 032 000 010 026 000 007 019 000 005 013 000 002 006 000 000 000 

255 255 255 248 000 000 241 000 000 235 000 000 228 000 000 222 000 000 215 000 000 209 000 000 202 000 000 196 000 000 
189 000 000 183 000 000 176 000 000 170 000 000 163 000 000 156 000 000 150 000 000 143 000 000 137 000 000 130 000 000 
124 000 000 117 000 000 111 000 000 104 000 000 098 000 000 091 000 000 085 000 000 078 000 000 071 000 000 065 000 000 
058 000 000 052 000 000 045 000 000 039 000 000 032 000 000 026 000 000 019 000 000 013 000 000 006 000 000 000 000 000 

255 255 255 000 224 000 000 218 000 000 212 000 000 206 000 000 200 000 000 194 000 000 188 000 000 182 000 000 176 000 
000 171 000 000 165 000 000 159 000 000 153 000 000 147 000 000 141 000 000 135 000 000 129 000 000 123 000 000 117 000 
000 112 000 000 106 000 000 100 000 000 094 000 000 088 000 000 082 000 000 076 000 000 070 000 000 064 000 000 058 000 
000 053 000 000 047 000 000 041 000 000 035 000 000 029 000 000 023 000 000 017 000 000 011 000 000 005 000 000 000 000 

255 255 255 248 149 000 241 145 000 235 141 000 228 137 000 222 133 000 215 129 000 209 125 000 202 121 000 196 117 000 
189 113 000 183 109 000 176 105 000 170 102 000 163 098 000 156 094 000 150 090 000 143 086 000 137 082 000 130 078 000 
124 074 000 117 070 000 111 066 000 104 062 000 098 058 000 091 054 000 085 051 000 078 047 000 071 043 000 065 039 000 
058 035 000 052 031 000 045 027 000 039 023 000 032 019 000 026 015 000 019 011 000 013 007 000 006 003 000 000 000 000 

255 255 255 174 000 174 169 000 169 165 000 165 160 000 160 156 000 156 151 000 151 146 000 146 142 000 142 137 000 137 
133 000 133 128 000 128 123 000 123 119 000 119 114 000 114 110 000 110 105 000 105 100 000 100 096 000 096 091 000 091 
087 000 087 082 000 082 078 000 078 073 000 073 068 000 068 064 000 064 059 000 059 055 000 055 050 000 050 045 000 045 
041 000 041 036 000 036 032 000 032 027 000 027 022 000 022 018 000 018 013 000 013 009 000 009 004 000 004 000 000 000 

255 255 255 248 248 000 241 241 000 235 235 000 228 228 000 222 222 000 215 215 000 209 209 000 202 202 000 196 196 000 
189 189 000 183 183 000 176 176 000 170 170 000 163 163 000 156 156 000 150 150 000 143 143 000 137 137 000 130 130 000 
124 124 000 117 117 000 111 111 000 104 104 000 098 098 000 091 091 000 085 085 000 078 078 000 071 071 000 065 065 000 
058 058 000 052 052 000 045 045 000 039 039 000 032 032 000 026 026 000 019 019 000 013 013 000 006 006 000 000 000 000 

255 255 255 241 247 255 228 239 255 215 231 255 202 223 255 189 215 255 176 207 255 163 200 255 150 192 255 137 184 255 
124 176 255 111 168 255 098 160 255 085 153 255 071 145 255 058 137 255 045 129 255 032 121 255 019 113 255 006 105 255 
000 099 248 000 094 235 000 088 222 000 083 209 000 078 196 000 073 183 000 068 170 000 062 156 000 057 143 000 052 130 
000 047 117 000 041 104 000 036 091 000 031 078 000 026 065 000 020 052 000 015 039 000 010 026 000 005 013 000 000 000 

255 255 255 255 241 241 255 228 228 255 215 215 255 202 202 255 189 189 255 176 176 255 163 163 255 150 150 255 137 137 
255 124 124 255 111 111 255 098 098 255 085 085 255 071 071 255 058 058 255 045 045 255 032 032 255 019 019 255 006 006 
248 000 000 235 000 000 222 000 000 209 000 000 196 000 000 183 000 000 170 000 000 156 000 000 143 000 000 130 000 000 
117 000 000 104 000 000 091 000 000 078 000 000 065 000 000 052 000 000 039 000 000 026 000 000 013 000 000 000 000 000 

255 255 255 241 253 241 228 252 228 215 251 215 202 249 202 189 248 189 176 247 176 163 246 163 150 244 150 137 243 137 
124 242 124 111 240 111 098 239 098 085 238 085 071 237 071 058 235 058 045 234 045 032 233 032 019 231 019 006 230 006 
000 224 000 000 212 000 000 200 000 000 188 000 000 176 000 000 165 000 000 153 000 000 141 000 000 129 000 000 117 000 
000 106 000 000 094 000 000 082 000 000 070 000 000 058 000 000 047 000 000 035 000 000 023 000 000 011 000 000 000 000 

255 255 255 255 249 241 255 244 228 255 239 215 255 234 202 255 228 189 255 223 176 255 218 163 255 213 150 255 207 137 
255 202 124 255 197 111 255 192 098 255 187 085 255 181 071 255 176 058 255 171 045 255 166 032 255 160 019 255 155 006 
248 149 000 235 141 000 222 133 000 209 125 000 196 117 000 183 109 000 170 102 000 156 094 000 143 086 000 130 078 000 
117 070 000 104 062 000 091 054 000 078 047 000 065 039 000 052 031 000 039 023 000 026 015 000 013 007 000 000 000 000 

255 255 255 251 241 251 247 228 247 243 215 243 239 202 239 235 189 235 231 176 231 227 163 227 223 150 223 219 137 219 
216 124 216 212 111 212 208 098 208 204 085 204 200 071 200 196 058 196 192 045 192 188 032 188 184 019 184 180 006 180 
174 000 174 165 000 165 156 000 156 146 000 146 137 000 137 128 000 128 119 000 119 110 000 110 100 000 100 091 000 091 
082 000 082 073 000 073 064 000 064 055 000 055 045 000 045 036 000 036 027 000 027 018 000 018 009 000 009 000 000 000 

255 255 255 255 255 241 255 255 228 255 255 215 255 255 202 255 255 189 255 255 176 255 255 163 255 255 150 255 255 137 
255 255 124 255 255 111 255 255 098 255 255 085 255 255 071 255 255 058 255 255 045 255 255 032 255 255 019 255 255 006 
248 248 000 235 235 000 222 222 000 209 209 000 196 196 000 183 183 000 170 170 000 156 156 000 143 143 000 130 130 000 
117 117 000 104 104 000 091 091 000 078 078 000 065 065 000 052 052 000 039 039 000 026 026 000 013 013 000 000 000 000 

255 255 255 000 000 000 241 241 241 000 000 000 228 228 228 000 000 000 215 215 215 000 000 000 202 202 202 000 000 000 
189 189 189 000 000 000 176 176 176 000 000 000 163 163 163 000 000 000 150 150 150 000 000 000 137 137 137 000 000 000 
124 124 124 000 000 000 111 111 111 000 000 000 098 098 098 000 000 000 085 085 085 000 000 000 071 071 071 000 000 000 
058 058 058 000 000 000 045 045 045 000 000 000 032 032 032 000 000 000 019 019 019 000 000 000 006 006 006 000 000 000 

255 255 255 000 000 000 241 247 255 000 000 000 228 239 255 000 000 000 215 231 255 000 000 000 202 223 255 000 000 000 
189 215 255 000 000 000 176 207 255 000 000 000 163 200 255 000 000 000 150 192 255 000 000 000 137 184 255 000 000 000 
124 176 255 000 000 000 111 168 255 000 000 000 098 160 255 000 000 000 085 153 255 000 000 000 071 145 255 000 000 000 
058 137 255 000 000 000 045 129 255 000 000 000 032 121 255 000 000 000 019 113 255 000 000 000 006 105 255 000 000 000 

255 255 255 000 000 000 255 241 241 000 000 000 255 228 228 000 000 000 255 215 215 000 000 000 255 202 202 000 000 000 
255 189 189 000 000 000 255 176 176 000 000 000 255 163 163 000 000 000 255 150 150 000 000 000 255 137 137 000 000 000 
255 124 124 000 000 000 255 111 111 000 000 000 255 098 098 000 000 000 255 085 085 000 000 000 255 071 071 000 000 000 
255 058 058 000 000 000 255 045 045 000 000 000 255 032 032 000 000 000 255 019 019 000 000 000 255 006 006 000 000 000 

255 255 255 000 000 000 241 253 241 000 000 000 228 252 228 000 000 000 215 251 215 000 000 000 202 249 202 000 000 000 
189 248 189 000 000 000 176 247 176 000 000 000 163 246 163 000 000 000 150 244 150 000 000 000 137 243 137 000 000 000 
124 242 124 000 000 000 111 240 111 000 000 000 098 239 098 000 000 000 085 238 085 000 000 000 071 237 071 000 000 000 
058 235 058 000 000 000 045 234 045 000 000 000 032 233 032 000 000 000 019 231 019 000 000 000 006 230 006 000 000 000 

255 255 255 000 000 000 255 249 241 000 000 000 255 244 228 000 000 000 255 239 215 000 000 000 255 234 202 000 000 000 
255 228 189 000 000 000 255 223 176 000 000 000 255 218 163 000 000 000 255 213 150 000 000 000 255 207 137 000 000 000 
255 202 124 000 000 000 255 197 111 000 000 000 255 192 098 000 000 000 255 187 085 000 000 000 255 181 071 000 000 000 
255 176 058 000 000 000 255 171 045 000 000 000 255 166 032 000 000 000 255 160 019 000 000 000 255 155 006 000 000 000 

255 255 255 000 000 000 251 241 251 000 000 000 247 228 247 000 000 000 243 215 243 000 000 000 239 202 239 000 000 000 
235 189 235 000 000 000 231 176 231 000 000 000 227 163 227 000 000 000 223 150 223 000 000 000 219 137 219 000 000 000 
216 124 216 000 000 000 212 111 212 000 000 000 208 098 208 000 000 000 204 085 204 000 000 000 200 071 200 000 000 000 
196 058 196 000 000 000 192 045 192 000 000 000 188 032 188 000 000 000 184 019 184 000 000 000 180 006 180 000 000 000 

255 255 255 000 000 000 255 255 241 000 000 000 255 255 228 000 000 000 255 255 215 000 000 000 255 255 202 000 000 000 
255 255 189 000 000 000 255 255 176 000 000 000 255 255 163 000 000 000 255 255 150 000 000 000 255 255 137 000 000 000 
255 255 124 000 000 000 255 255 111 000 000 000 255 255 098 000 000 000 255 255 085 000 000 000 255 255 071 000 000 000 
255 255 058 000 000 000 255 255 045 000 000 000 255 255 032 000 000 000 255 255 019 000 000 000 255 255 006 000 000 000 

255 255 255 000 000 000 000 096 241 000 000 000 000 091 228 000 000 000 000 086 215 000 000 000 000 081 202 000 000 000 
000 075 189 000 000 000 000 070 176 000 000 000 000 065 163 000 000 000 000 060 150 000 000 000 000 054 137 000 000 000 
000 049 124 000 000 000 000 044 111 000 000 000 000 039 098 000 000 000 000 034 085 000 000 000 000 028 071 000 000 000 
000 023 058 000 000 000 000 018 045 000 000 000 000 013 032 000 000 000 000 007 019 000 000 000 000 002 006 000 000 000 

255 255 255 000 000 000 241 000 000 000 000 000 228 000 000 000 000 000 215 000 000 000 000 000 202 000 000 000 000 000 
189 000 000 000 000 000 176 000 000 000 000 000 163 000 000 000 000 000 150 000 000 000 000 000 137 000 000 000 000 000 
124 000 000 000 000 000 111 000 000 000 000 000 098 000 000 000 000 000 085 000 000 000 000 000 071 000 000 000 000 000 
058 000 000 000 000 000 045 000 000 000 000 000 032 000 000 000 000 000 019 000 000 000 000 000 006 000 000 000 000 000 

255 255 255 000 000 000 000 218 000 000 000 000 000 206 000 000 000 000 000 194 000 000 000 000 000 182 000 000 000 000 
000 171 000 000 000 000 000 159 000 000 000 000 000 147 000 000 000 000 000 135 000 000 000 000 000 123 000 000 000 000 
000 112 000 000 000 000 000 100 000 000 000 000 000 088 000 000 000 000 000 076 000 000 000 000 000 064 000 000 000 000 
000 053 000 000 000 000 000 041 000 000 000 000 000 029 000 000 000 000 000 017 000 000 000 000 000 005 000 000 000 000 

255 255 255 000 000 000 241 145 000 000 000 000 228 137 000 000 000 000 215 129 000 000 000 000 202 121 000 000 000 000 
189 113 000 000 000 000 176 105 000 000 000 000 163 098 000 000 000 000 150 090 000 000 000 000 137 082 000 000 000 000 
124 074 000 000 000 000 111 066 000 000 000 000 098 058 000 000 000 000 085 051 000 000 000 000 071 043 000 000 000 000 
058 035 000 000 000 000 045 027 000 000 000 000 032 019 000 000 000 000 019 011 000 000 000 000 006 003 000 000 000 000 

255 255 255 000 000 000 169 000 169 000 000 000 160 000 160 000 000 000 151 000 151 000 000 000 142 000 142 000 000 000 
133 000 133 000 000 000 123 000 123 000 000 000 114 000 114 000 000 000 105 000 105 000 000 000 096 000 096 000 000 000 
087 000 087 000 000 000 078 000 078 000 000 000 068 000 068 000 000 000 059 000 059 000 000 000 050 000 050 000 000 000 
041 000 041 000 000 000 032 000 032 000 000 000 022 000 022 000 000 000 013 000 013 000 000 000 004 000 004 000 000 000 

255 255 255 000 000 000 241 241 000 000 000 000 228 228 000 000 000 000 215 215 000 000 000 000 202 202 000 000 000 000 
189 189 000 000 000 000 176 176 000 000 000 000 163 163 000 000 000 000 150 150 000 000 000 000 137 137 000 000 000 000 
124 124 000 000 000 000 111 111 000 000 000 000 098 098 000 000 000 000 085 085 000 000 000 000 071 071 000 000 000 000 
058 058 000 000 000 000 045 045 000 000 000 000 032 032 000 000 000 000 019 019 000 000 000 000 006 006 000 000 000 000 

255 255 255 000 000 000 228 239 255 000 000 000 202 223 255 000 000 000 176 207 255 000 000 000 150 192 255 000 000 000 
124 176 255 000 000 000 098 160 255 000 000 000 071 145 255 000 000 000 045 129 255 000 000 000 019 113 255 000 000 000 
000 099 248 000 000 000 000 088 222 000 000 000 000 078 196 000 000 000 000 068 170 000 000 000 000 057 143 000 000 000 
000 047 117 000 000 000 000 036 091 000 000 000 000 026 065 000 000 000 000 015 039 000 000 000 000 005 013 000 000 000 

255 255 255 000 000 000 255 228 228 000 000 000 255 202 202 000 000 000 255 176 176 000 000 000 255 150 150 000 000 000 
255 124 124 000 000 000 255 098 098 000 000 000 255 071 071 000 000 000 255 045 045 000 000 000 255 019 019 000 000 000 
248 000 000 000 000 000 222 000 000 000 000 000 196 000 000 000 000 000 170 000 000 000 000 000 143 000 000 000 000 000 
117 000 000 000 000 000 091 000 000 000 000 000 065 000 000 000 000 000 039 000 000 000 000 000 013 000 000 000 000 000 

255 255 255 000 000 000 228 252 228 000 000 000 202 249 202 000 000 000 176 247 176 000 000 000 150 244 150 000 000 000 
124 242 124 000 000 000 098 239 098 000 000 000 071 237 071 000 000 000 045 234 045 000 000 000 019 231 019 000 000 000 
000 224 000 000 000 000 000 200 000 000 000 000 000 176 000 000 000 000 000 153 000 000 000 000 000 129 000 000 000 000 
000 106 000 000 000 000 000 082 000 000 000 000 000 058 000 000 000 000 000 035 000 000 000 000 000 011 000 000 000 000 

255 255 255 000 000 000 255 244 228 000 000 000 255 234 202 000 000 000 255 223 176 000 000 000 255 213 150 000 000 000 
255 202 124 000 000 000 255 192 098 000 000 000 255 181 071 000 000 000 255 171 045 000 000 000 255 160 019 000 000 000 
248 149 000 000 000 000 222 133 000 000 000 000 196 117 000 000 000 000 170 102 000 000 000 000 143 086 000 000 000 000 
117 070 000 000 000 000 091 054 000 000 000 000 065 039 000 000 000 000 039 023 000 000 000 000 013 007 000 000 000 000 

255 255 255 000 000 000 247 228 247 000 000 000 239 202 239 000 000 000 231 176 231 000 000 000 223 150 223 000 000 000 
216 124 216 000 000 000 208 098 208 000 000 000 200 071 200 000 000 000 192 045 192 000 000 000 184 019 184 000 000 000 
174 000 174 000 000 000 156 000 156 000 000 000 137 000 137 000 000 000 119 000 119 000 000 000 100 000 100 000 000 000 
082 000 082 000 000 000 064 000 064 000 000 000 045 000 045 000 000 000 027 000 027 000 000 000 009 000 009 000 000 000 

255 255 255 000 000 000 255 255 228 000 000 000 255 255 202 000 000 000 255 255 176 000 000 000 255 255 150 000 000 000 
255 255 124 000 000 000 255 255 098 000 000 000 255 255 071 000 000 000 255 255 045 000 000 000 255 255 019 000 000 000 
248 248 000 000 000 000 222 222 000 000 000 000 196 196 000 000 000 000 170 170 000 000 000 000 143 143 000 000 000 000 
117 117 000 000 000 000 091 091 000 000 000 000 065 065 000 000 000 000 039 039 000 000 000 000 013 013 000 000 000 000 

255 255 255 255 249 000 255 244 000 255 239 000 255 234 000 255 228 000 255 223 000 255 218 000 255 213 000 255 207 000 
255 202 000 255 197 000 255 192 000 255 187 000 255 181 000 255 176 000 255 171 000 255 166 000 255 160 000 255 155 000 
255 149 000 255 141 000 255 133 000 255 125 000 255 117 000 255 109 000 255 102 000 255 094 000 255 086 000 255 078 000 
255 070 000 255 062 000 255 054 000 255 047 000 255 039 000 255 031 000 255 023 000 255 015 000 255 007 000 255 000 000 

255 255 255 241 253 000 228 252 000 215 251 000 202 249 000 189 248 000 176 247 000 163 246 000 150 244 000 137 243 000 
124 242 000 111 240 000 098 239 000 085 238 000 071 237 000 058 235 000 045 234 000 032 233 000 019 231 000 006 230 000 
000 225 000 000 216 000 000 207 000 000 197 000 000 188 000 000 179 000 000 170 000 000 161 000 000 151 000 000 142 000 
000 133 000 000 124 000 000 115 000 000 106 000 000 096 000 000 087 000 000 078 000 000 069 000 000 060 000 000 051 000 

255 051 204 169 005 182 160 010 186 151 015 190 142 020 194 133 026 198 123 031 202 114 036 206 105 041 210 096 047 214 
087 052 217 078 057 221 068 062 225 059 068 229 050 073 233 041 078 237 032 083 241 022 088 245 013 094 249 004 099 253 
006 099 248 019 094 235 032 088 222 045 083 209 058 078 196 071 073 183 084 068 170 098 062 156 111 057 143 124 052 130 
137 047 117 150 041 104 163 036 091 176 031 078 189 026 065 202 020 052 215 015 039 228 010 026 241 005 013 255 000 000 

255 255 255 174 005 174 169 011 169 165 017 165 160 023 160 156 029 156 151 035 151 146 041 146 142 047 142 137 053 137 
133 058 133 128 064 128 123 070 123 119 076 119 114 082 114 110 088 110 105 094 105 100 100 100 096 106 096 091 112 091 
087 117 087 082 123 082 078 129 078 073 135 073 068 141 068 064 147 064 059 153 059 055 159 055 050 165 050 045 171 045 
041 176 041 036 182 036 032 188 032 027 194 027 022 200 022 018 206 018 013 212 013 009 218 009 004 224 004 000 230 000 

255 255 255 255 255 222 255 255 189 255 255 156 255 255 124 255 255 091 255 255 058 255 255 026 248 254 000 215 251 000 
183 247 000 150 244 000 117 241 000 085 238 000 052 235 000 019 231 000 000 223 013 000 207 045 000 190 078 000 174 111 
000 157 143 000 141 176 000 124 209 000 108 241 013 094 249 036 081 239 059 068 229 082 054 219 105 041 210 128 028 200 
151 015 190 174 002 180 186 000 160 196 000 137 206 000 114 216 000 091 225 000 068 235 000 045 245 000 022 255 000 000 

